Watching PID 91580 page references grow, output every 1 seconds...
Est(s)     RSS(MB)    PSS(MB)    Ref(MB)
1.007        87.12      57.11      19.22
2.025        95.12      64.33      27.27
3.043       111.12      80.04      43.29
4.061       115.12      84.04      47.29
5.079       121.12      90.44      53.30
6.096       125.12      94.44      57.30
7.114       129.12      98.44      61.30
8.132       137.12     106.44      69.30
9.149       143.12     112.44      75.30
10.168      151.12     120.44      83.30
11.194      159.12     128.44      91.30
12.212      163.13     131.99      97.27
